$ANSIBLE_VAULT;1.1;AES256
36393432333636303237653061636135353931613937373365333031646639373133643962646636
3838633338613638393564383261656234373035353262340a393639363933343832303232636539
31383365343938393732333931643532323536353337383133333862653133396262666134656231
6237373438646561300a363138653831363638386563306565316664313263653263643530653066
33373137373234656534616337316131626564313232616632303534353730363733623561623437
33373966376462396430336262323130303737666361343266636263326662323538303630643761
37366165643137343565316335383165643763383130366332346230663561306533653464663466
30653238306235393932353430356636373664326238666564306331383565663137376564326531
34306365613666333766373134313832333564396462373035353165326132643437316631383636
30373535656234336531316566636132346461623963643938663164353934656266333538663630
61623831663636613030343436623263623738633139636634663636646631626666316461323166
38613239613530626334303336346439633161636131343861313532343233336361303831396563
31373463613563363435613135643239396665623032393362636462343630306435633037623164
32303566656230343637383431306639393766613237626264353663326266313661643232326533
38336266393939646164373065323536643239646238343431393930633664336566643931303932
32623930313135643437623065326232636463313663393132616439663864616437323837313963
65633436336436663664626436363065313638303461653765343364373335643562656264626437
37373635363337623733643433313330306338353432663061666437623333343162633462623539
62373663343834396666306565646561613462363730313363343532356666653466353338333939
62646231316430666539666136633933643239356464633831316432616131626639626664373731
39363237383631383434376364393565656663323566386236356663383138643932343639633362
64343137323765376334323833333064663036333732376235326561633034373537396463616265
32626339653535646535356536323132383238386663623764303832373732346131613738333764
62663031366538633230336630623538343339373263376262303835316663613763346562373263
32316435616363663237643964373436323735396138313239396261303963616334323666323364
63656166316338346661373362306365656236626462666339623065646134313934356639646137
66333465626466636337383639323332306364653466613430343066653935626630363834646434
33636537613362303039626630613530613135653032356664356366666139363732353265383434
39333733366161623535316365366538613265633963666266623330656165613862333761653261
39643634303134616662373864346139373961383361643935323133373861353761386433303365
62393563613538353634613330616633336362633430616231343930353735343834343630653365
30316631616239353535616264313965313931373361636462313565343731323239396163386263
64383833366436643530376364326232353965356130376438626632363263643063613838646331
33666530346262356361346166386463393763323864333961333037663231633162366362656661
31366563386663646265306336646331336138333730323631623733633836383838343334636262
33336130643037623962643862313238326634383238623363343637353632353461303433643531
33666439623737303030633663616635356337366262646332633630306665633262626465323836
38383833386633653737333730333464643334393932636263376435636263306631303335616564
30323062646563396335306435653166306261373937636331346366653862316661623831333161
34633139333365356333353363316661306532613866393038626339373665376262633061613163
36653866636630636166666363386634326433353761656236373531393432656566333636666161
62653637313230373964653866396633316562363838306234306436326431393435626264623665
36373335353930323563373230633534363862616336396432336632363865326137663936623739
32613734316431323339346339393037373833616237346433396634663161653132613333663466
61303830313436643961666230663431646466373964633366663133656364333232636331306435
61313166303335666431313461633262373934313737656435386134363234623234663034663264
61363037643832393264653562333162363030623765393935646665323337613434643833636565
32643866343063613563613236666634643865306531393033646539356436356231333137366364
32623530336263333737643661636661616135376638363963356435326439636261323532316265
62633334383432656137383633663834643333656265356431616431336631343264353837356666
62376433623564646139316131326266623235323630303939353131633431616162363461633936
65313364626139656636346630316233653934383961646265303639643662643733646139643034
35633561663237316565386361323731353639356466393536613436666134396130326162616236
39626362653862306331363939353538336363323333323836616538366563343963323066633361
34303435643539363937376561623466316332616134313332636561356233303963376564336539
37386638336138396338343235656534393938343563663030663361353238366262613165333537
33666165626137613263323030376639643562616166616533643462323563663263393964363263
32613463646261393035373831313630313263336430376630393431373232353865303337386536
66663730326230663336666365363631633234323135646564313966323331383837626439663462
37633464616431343830633539316561386631626235353137373731323035323231656138353163
35656261346333303137663465363765613234396430346538623031653366393738313834376437
38616534346136363039386634316137353833306138313465653165663735366234306132316561
32393461396438323463643561396664343131626565303634613233616437396331376631336439
39666131333862343663373737323938353061653438316365396461396632316165313865396437
36393230353035343561643433303838343136353334643039626633343864336436663530626238
66316336363130363339343965613339666635303835336135323136306635343765353264323934
37373332306230316535356436633734323536356330383566376333343736336234343133303065
32666630653563356431396434616565333435613537353337346534386134376264633332356239
38306539656433613663333164326336336236323363623139326433396461323734646630633238
35633031626135636530353630326132303462306661326636376235333131306662386435396235
63333736653034383939656238336263333437313165313230633235363439306537393532653131
36363862306133313730626235396361376532646230633166646466663763376337653938363866
33663734313934316135363336663063656164316561633037336364633061623538326631313165
62366431303964303731316335633738333438616161373561653136393633353134303264646439
38643938336534656165656332616332363631633338663862396637373435363336343566363664
33363537323130653431313561633937383766363132366665663337356163623038383230613361
35613965373361383764396136343634343466666236386633623935346131646133353161386366
30376532653332396265643232353336346432336164353962373233656230626536323438353631
61646239653566333066376464613463353930376539323839313532663464326263666130313937
35356532346135616430626438393366313035366433396135393663373436306333303462633265
30666139636163363766643462323134616237623839623763356465303061623637383437373939
34393466336332653636656434613732356532383535376565343064613733316562663961373835
37393562663062646631333661613036643431326431306165613132366630643837336563653630
30643663656665636164656532343131343837363237633366633064346665626533656166393036
38376566626263663235633739623134303036656235353735356131636561653435643865643135
66666639373065326234343462373731643464363937633031393537393133366538366535393837
61666437353033313935376534343365346235383066653130633430333261626662346238326534
65393763303133613962
